0.28

0 5.427681 2.516664 1.280922 -3.141591 -1.493510 -2.098540
1 3.232999 1.724745 1.407118 1.529549 -0.001384 -0.598395
2 5.822220 2.93136 1.237821 1.571880 0 0
3 8.859792 0.451895 0.473964 0 -1.531320 0
4 1.461846 -2.336491 0.974989 -1.57684 0.000865 -2.999711
5 9.019587 -5.33855 0.53916 -1.389714 -1.538841 0.000011
6 3.045947 -7.815990 1.520348 -1.524664 -1.565671 0.000082
7 10.957694 -2.12913 1.33129 3.120902 1.559489 -0.000066
8 -0.806777 -6.345485 0.525099 -2.023381 0.168058 -1.281661
9 2.681711 -3.159968 0.966582 -1.584889 0.001761 -3.01734
10 0.273766 -7.871456 0.571133 -2.902499 -1.493091 0.851392
11 4.419932 -7.996314 0.843475 -1.486419 -1.55113 -0.00006
12 7.17046 -6.29244 1.032501 -1.566931 0 0
13 4.887511 -2.303044 1.271991 1.599679 -1.568580 0.000004
14 7.349584 -2.207 1.176068 0 1.54163 0
15 4.633706 -2.053869 1.57986 0.000059 3.135179
16 -6.83691 -4.53136 0.739113 0 1.57048 0
17 -1.379622 -4.302166 1.368583 1.955550 -0.002595 1.34298
